0500024453765740000000005000000000050
0683586198171516000000002700000000027
0923877193247330000000000200000000002
0927987108636232000000002000000000020
0982496213629795000000001200000000012
1014086565224350000000004400000000044
1142167692878931000000003700000000037
1561409106491600000000003500000000035
2745303720002090000000003900000000039
2760836797107565000000002400000000024
2871968252812490000000000600000000006
2940139362300449000000002200000000022
2988091353094312000000000400000000004
3260763612337560000000001000000000010
3766281984155154000000004100000000041
3940246016141489000000001900000000019
3999169246375885000000000300000000003
4011500891777367000000001300000000013
4385271476627819000000003400000000034
4534784102713951000000003600000000036
4859452612877065000000000700000000007
5407099850479866000000002100000000021
5656830544981216000000004600000000046
5671184478505844000000001800000000018
5787351228879339000000004700000000047
5975117516616077000000004200000000042
6009619150674526000000000500000000005
6349250331648509000000001500000000015
6503535181795992000000004800000000048
6509230362553816000000003000000000030
6723000463207764000000002800000000028
6727055190616014000000001600000000016
6832676047698087000000003300000000033
7026637615032277000000003100000000031
7058267261837752000000004300000000043
7094142751055551000000003200000000032
7251508149188883000000002900000000029
7379335634661142000000004500000000045
7427684863423209000000001100000000011
7443870988897530000000003800000000038
8040580410348680000000002600000000026
8112545834239735000000002300000000023
8262593602473076000000004900000000049
8517866958206008000000001400000000014
8931369351894783000000000800000000008
9056297931664011000000002500000000025
9349107475869214000000001700000000017
9501733721429893000000000900000000009
9680294154603697000000000100000000001
9805583408996588000000004000000000040
