501189801038547400000000100074                    
501129341328593900000000200100                    
501162791049069900000000300006                    
501148449979710500000000400066                    
501197718830452300000000500052                    
501114741893882700000000600004                    
501166962209193400000000700029                    
501141806171265100000000800092                    
501151213144617900000000900018                    
501169602174787100000001000033                    
501150799343756700000001100058                    
501184459981987000000001200083                    
501122547004185900000001300010                    
501123312138087700000001400009                    
501172034523399900000001500066                    
501140263494930400000001600005                    
501163947610723900000001700117                    
501140864525305900000001800050                    
501138393823698300000001900087                    
501163359782282100000002000078                    
501157641425620600000002100103                    
501123183553010200000002200094                    
501188343331921900000002300096                    
501152604391162500000002400084                    
501163467714213800000002500022                    
501134571062980300000002600083                    
501186894742775200000002700074                    
501124468687425700000002800011                    
501128562413508500000002900102                    
501180696379321400000003000029                    
501151108190315200000003100103                    
501149625264543300000003200022                    
501187898859133200000003300008                    
501119987365333400000003400104                    
501153969411987200000003500055                    
501148268881967600000003600017                    
501160436327586200000003700032                    
501185392614367000000003800090                    
501126482621487500000003900033                    
501198694924103500000004000030                    
501140663435580800000004100103                    
501130981984293500000004200034                    
501183137225480000000004300119                    
501126953155001100000004400106                    
501154448247118700000004500050                    
501136424717507700000004600002                    
501179225802528300000004700077                    
501179586159994600000004800032                    
501189772215224600000004900010                    
501174391277619100000005000108                    
501168342865978100000005100007                    
501198187879100600000005200052                    
501181037729992900000005300061                    
501129196261321800000005400111                    
501172266724889000000005500075                    
501174405255067400000005600103                    
501188806281237300000005700038                    
501115429907430700000005800112                    
501132925667224400000005900003                    
501132866361485000000006000070                    
501110133427443400000006100097                    
501131772001968900000006200069                    
501169388303972800000006300073                    
501196784908791200000006400067                    
501111462663409800000006500064                    
501112087705185000000006600109                    
501113046561555700000006700056                    
501160878280937200000006800110                    
501156257499772100000006900083                    
501135475819287100000007000051                    
501147891734305300000007100068                    
501157679225313200000007200088                    
501153119681727900000007300040                    
501175231763391000000007400116                    
501169998301840200000007500123                    
501159899946631600000007600113                    
501182181870461800000007700062                    
501164138073352800000007800014                    
501141805160531400000007900024                    
501126342911338600000008000021                    
501157879679396400000008100019                    
501163416623464600000008200037                    
501129367039834800000008300001                    
501123333650692900000008400093                    
501119567385970400000008500062                    
501172865205058400000008600123                    
501155599387162100000008700048                    
501196858039787700000008800091                    
501175025238514200000008900115                    
501140576306559700000009000034                    
501152948773234600000009100001                    
501190513104404600000009200007                    
501181054017745800000009300008                    
501180646037380300000009400022                    
501112998002813900000009500033                    
501185805256142700000009600039                    
501175712464678900000009700111                    
501120938389571300000009800011                    
501117094131648500000009900013                    
501143971483772600000010000018                    
501176068399209300000010100104                    
501146975854022800000010200101                    
501137648738585000000010300042                    
501167874651175900000010400039                    
501139859236872500000010500055                    
501118926604514900000010600054                    
501137937962556600000010700037                    
501148231574528100000010800045                    
501184157425202300000010900031                    
501155533589406100000011000080                    
501179135703733300000011100049                    
501182008455675000000011200028                    
501151917299630900000011300100                    
501113338144684900000011400010                    
501143312889573400000011500071                    
501120206052132800000011600073                    
501199576662280900000011700018                    
501178176206841300000011800115                    
501184724892262500000011900035                    
501165312051989600000012000018                    
501186927605201600000012100018                    
501140473627769000000012200059                    
501185919535913300000012300080                    
501123142939791500000012400052                    
501161028348751400000012500079                    
501124131997713900000012600005                    
501154159601232000000012700050                    
501110054924837200000012800106                    
501118666241684700000012900081                    
501180657002377700000013000122                    
501172764067181900000013100064                    
501129596087702900000013200032                    
501160481787109200000013300084                    
501129157673436700000013400072                    
501198996262846300000013500006                    
501187436722081200000013600013                    
501110527999660500000013700006                    
501165361456260400000013800063                    
501131935633913000000013900054                    
501122129684732200000014000081                    
501140816353819000000014100041                    
501143255617729900000014200104                    
501166837981254000000014300092                    
501112177578622900000014400043                    
501110327964640000000014500003                    
501170229013736700000014600048                    
501164374106467000000014700113                    
501191823330335900000014800063                    
501133689606115600000014900009                    
501179721628298700000015000033                    
501135621140097800000015100011                    
501152134060100000000015200072                    
501176921194904400000015300029                    
501138759021409400000015400055                    
501122769409237400000015500074                    
501166661462482700000015600073                    
501186938560248800000015700086                    
501157559633824500000015800036                    
501119745444026800000015900079                    
501190349641747500000016000004                    
501168521543470000000016100017                    
501144249101053700000016200054                    
501139592382400600000016300064                    
501121458200497800000016400012                    
501194421236636200000016500083                    
501178623064232300000016600122                    
501172196741252300000016700077                    
501194099450544300000016800092                    
501154325372937300000016900015                    
501181663499104000000017000021                    
501185978546735600000017100123                    
501151284089897900000017200047                    
501192647689981200000017300025                    
501127582583671900000017400047                    
501147835864083400000017500038                    
501111928165168900000017600091                    
501113835658883400000017700051                    
501199686114928200000017800005                    
501181531909040700000017900015                    
501138006093134400000018000045                    
501164371248215400000018100087                    
501138129394476100000018200019                    
501149667568499800000018300068                    
501190879067741500000018400013                    
501191609967945400000018500062                    
501178362792981700000018600026                    
501160708225129600000018700015                    
501161351659252300000018800057                    
501141495775774200000018900084                    
501160097448235400000019000119                    
501183887552934900000019100106                    
501134623553906800000019200059                    
501116608278310600000019300052                    
501120255605748700000019400041                    
501113738531767400000019500039                    
501181963881664300000019600092                    
501169986883748600000019700077                    
501125695376256500000019800051                    
501168989857328200000019900022                    
501172791878910000000020000010                    
